5
3
0 38 41 9 85
38 0 43 48 78
41 43 0 5 60
9 48 5 0 89
85 78 60 89 0
0 218 571 908 898
218 0 966 923 775
571 966 0 551 332
908 923 551 0 748
898 775 332 748 0
3 5 14
2 1 54
2 3 80